9825
8456
10260
10252
8650
8678
8472
10204
9937
8455
9879
10261
8668
8463
176352
8338
9728
9826
8687
1281818
101895
101614
267810
10078
9997
1933
6295
4054
203576
8003
101898
203826
10245
1712
9814
8340
139914
102155
1730336
1382661
101659
8514
9991
6181
9769
10251
8270
101665
9860
177356
165255
4131
134185
101688
8702
8152
9746
101665
8024
102117
6601
4425
10247
101745
101899
1323940
4053
614354
9808
10077
10013
8149
9830
4685
517894
323834
209190
10182
8583
1552577
102145
8464
1170234
661598
6458
7947
585797
150414
6619
205687
113053
161729
6618
8561
8563
101915
1946
102124
10270
6413
6514
9777
10185
582749
1642068
6627
191814
474592
282351
6230
6607
8284
9760
101628
7849
9763
1787233
7801
2069304
7801
101916
307691
8643
9764
2069304
7866
737052
51443
92630
102102
133900
8153
102123
10279
102141
1680577
165229
1699505
101660
8599
2203
799249
6004
8710
6479
191716
10277
722265
1841
8485
10189
102119
10190
355346
46038
2186
8525
10187
102106
1068353
6019
8000
4681
7855
657277
101655
10284
102141
101655
165223
101684
6576
8689
9790
8722
10272
649424
546238
6628
6019
1477050
1112866
8622
4081
8670
4678
6433
7878
1218886
2136
80591
8394
8007
8295
9865
102153
8020
9723
8485
8596
9938
9938
10219
102149
915809
580402
391664
45731
102049
9941
9863
9790
102123
10272
8595
8705
8150
8478
8415
6602
9977
7896
210173
9904
102141
9931
6453
9723
188163
101630
867280
212821
176496
9938
4531
8485
7797
101900
78785
8009
865163
161833
9837
6576
1842
6576
10083
10264
10084
6576
6606
8689
2166
191716
1181312
867280
915807
8153
8635
8239
192875
391664
6033
6422
5755
7866
9908
7866
8475
164734
101905
8485
8130
2406
161816
10219
6361
282396
614316
9923
543580
102118
773686
6033
10277
2166
8635
6033
7844
8689
80591
8222
1957
102153
546238
9876
1957
8243
7866
8071
194011
8509
9800
9859
773642
10012
8467
10212
4116
9800
101656
8282
1515102
4594
1926481
2203
45724
8339
6399
9894
101655
9876
9853
8670
8127
9853
158085
212821
10011
7855
102122
1773
7866
1068364
166865
488099
405958
7866
6406
8428
8597
8023
9938
8457
773685
10164
7852
8649
580438
8599
1680577
9894
101660
8595
8478
10272
915807
1925
8203
6033
1266921
1218886
278960
8509
357211
6033
9853
9938
101904
10191
9927
1773
1796115
101656
9923
102158
5751
10193
8649
10276
45724
158543
1088194
7854
9790
9837
8635
10229
6033
10154
773660
6001
9904
307690
8394
1173026
860798
10242
773683
10243
1331802
9938
1113564
188313
8597
9927
860801
584615
7797
101718
1583
1796112
860801
520517
773685
8385
584615
1796112
8367
8066
579023
1070257
1113562
10101
1925
8571
1070257
8722
1070261
1070257
357203
860801
163363
1113543
161771
860802
10279
1070261
1070257
8066
773653
187854
1113572
584611
8596
773658
773657
1389162
1389162
6432
773652
773653
6042
1796112
773678
773660
584615
613940
584590
584590
8596
357210
1389162
1796115
773683
584602
5762
773656
101897
1796112
773658
1389162
575017
584602
584590
613940
274599
8717
568891
9780
6042
1113543
10014
860801
773653
1177187
1389162
773678
357209
161771
357211
8648
773686
773686
1070257
293352
8596
584615
773653
1070257
860801
1389162
357210
357207
1113566
773685
773685
860802
1267874
578300
610253
579023
773678
8367
1669264
773658
9800
1331802
578300
860802
1796112
1796115
773660
1070257
773685
1267874
773656
584611
613940
613940
773683
293352
9861
10187
1070257
161771
357210
9907
1070261
1070261
773680
1070257
773650
1070257
8295
2118
584633
584633
860802
1070257
665289
799249
1070261
1070261
1668755
579023
773658
860802
773680
161839
773686
773652
161834
773680
773642
860798
578785
773678
773642
773656
585094
2125
1177187
860798
583382
1668756
773655

773685
1070257
394130
773652
1070261
773678
455494
1173026
163363
8271
889701
1113551
950214
9984
584590
161774
1659622
1113566
773642
584611
592671
773650
585094
584633
601179
1113566
1539604
584611
1113552
1796115
9988
2534
1113552
950214
7730
1113554
584618
10082
6603
8121
182933
101665
89022
4047
2004
105552
6637
101610
10156
560953
1701119
101611
6577
101901
4530
10203
6721
8586
721896
8611
207242
6397
8654
10094
8191
7815
8349
8602
8669
9797
165476
7794
4399
9902
10081
2134
10004
8466
8549
8667
9841
10170
9850
8658
10003
8427
8657
8411
10172
9817
10194
8462
8451
8655
8659
8653
8197
10163
8430
8344
10007
8484
8559
10253
8346
8401
9796
9818
8676
9798
8483
9903
8283
8528
9792
8677
158319
8351
9833
9799
8119
8651
45729
8645
9834
282326
9819
9786
10005
8175
9795
9785
9784
8416
10006
10104
45723
8671
10173
8680
9896
10262
8313
8647
7946
6350
9916
8493
10196
2488
8412
8652
9828
10195
8488
8345
10254
8646
9915
161801
161812
10198
161803
6189
158316
8465
158321
8489
5763
177067
9823
8634
9768
8633
8636
9847
9885
9906
8524
8178
9789
8638
8342
8637
9829
7981
8402
9772
8592
2137
7978
8640
8315
9875
8391
8593
9810
7787
10205
8037
8564
9857
8529
10171
8535
9891
10233
8543
9888
6504
10167
8686
7943
9804
8600
7881
9910
9866
9783
10268
8558
8305
8581
9864
8371
8696
8370
8603
8560
8302
10267
8695
8639
9770
10269
178475
9773
2530
9748
2529
9848
8721
9905
9851
10188
6702
8517
8406
10235
10283
9831
8698
56453
8619
9752
10192
162418
168719
7807
109705
8113
102101
7732
773645
8588
101918
10202
1070259
8548
860800
101919
6580
773958
6578
9987
207967
773649
10076
8697
8661
9788
960720
8226
9925
6379
10200
8577
8358
8232
8460
9750
7800
357274
281467
96498
1569
582739
101911
550433
205686
1523706
8521
8682
163782
6609
1845
9756
102111
568590
316396
161195
7818
8314
130394
8259
8044
8608
10181
7998
2006
841094
1803049
49694
9781
191111
1175594
8171
101766
6694
8414
10017
6417
9838
8277
8426
1286895
10270
2186
2088
1854
1853
8294
316296
1292397
7869
213591
6374
676141
463461
1942
4397
305776
429440
8398
8196
1623699
9755
459591
89753
930027
4120
1073473
145630
8319
8177
2539
8280
8176
10000
4325
423819
4063
1602
7779
1667
6315
580400
580382
8598
282390
10197
105554
8131
6206
161808
177064
1291005
582838
626250
97920
583877
149408
1811
9761
10063
10165
10157
1860
9982
8708
106189
4150
7774
9753
10134
2182
4024
10199
856680
9731
10271
584663
101752
9986
179097
149993
8614
8675
1585
1954
10218
9855
1670
8025
969268
1626
10228
8534
162922
8288
514649
1430405
1943
162183
298629
1014174
49559
1349498
93061
8487
8709
10217
6244
6160
2361
1477043
8410
9824
1066681
8674
860781
9776
555501
200279
10001
7788
115129
2127
1004504
4023
9939
8194
8296
426452
1074320
1786
8348
10214
474326
10215
280216
101754
10015
4033
583944
8522
202757
6461
4493
10265
9769
6310
9867
210656
1370528
197693
10079
9767
6604
1514007
1850
10273
133901
133896
245905
429441
102100
7819
8674
161824
292923
557101
6093
161836
161831
7954
1114695
9794
45725
674293
275027
4454
6314
2261
7877
7733


