
40
46
47
48
53
54
55
57
59
61
71
87
108
109
117
135
136
262
8944
273
122
57
225
54
55
55
55
55
55
55
55
55
55
55
55
55
55
55
55
55
87
87
87
87
87
87
87
87
87
87
87
87
87
87
87
53
71
54
54
61
268
536
53
536
116
182
126
67
523
8972
535
246
535
116
165
523
523
537
199
113
535
535
535
113
173
523
540
10844
524
535
168
537
165
8984
126
523
252
196
111
8974
535
519
535
523
9545
9088
38
110
519
113
523
165
540
523
263
246
264
9137
199
189
8972
168
519
535
535
537
523
165
537
127
113
8947
524
116
113
121
516
519
86
86
537
519
519
537
120
120
9080
544
523
9080
523
523
544
519
535
540
524
523
8985
524
129
185
535
86
252
127
535
537
110
263
212
9080
196
544
176
535
127
339
524
540
524
519
8985
519
120
196
252
176
120
519
8968
540
196
189
535
111
540
8972
8947
530
116
535
182
519
38
189
270
540
246
189
185
516
523
189
339
185
113
535
113
8947
126
116
524
8947
110
441
544
246
212
537
537
9080
535
535
535
535
215
111
126
8972
127
519
182
519
212
523
196
523
519
540
86
196
246
196
537
535
540
113
168
38
111
524
123
189
126
10844
129
126
524
86
110
67
110
38
127
523
537
544
537
182
535
67
173
196
123
113
116
124
524
524
116
524
535
9545
111
127
110
535
126
524
126
540
126
124
8947
9545
110
252
8968
264
537
10068
161
535
529
38
8984
126
8968
123
10176
10068
10176
111
10068
8968
123
182
126
535
126
10068
38
8968
123
110
10176
10068
10176
126
126
8968
519
110
51
128
8968
10176
8947
8947
111
264
111
208
10068
9138
8947
10068
53
146
54
8970
9039
53
54
223
71
40
57
268
536
63
268
40
130
9084
140
130
54

54
64
9084
53
135
536
130
54
135
53
9084
64
46
536
9084
54
230
130
112
53
71
69
230
268
538
230
140
63
46




























































































































































































































































































































































































































































































































































































































































































































































































