
34000
34944
96940
27493
24011
1381583
33025
38711
208516
42369
30889
37442
24267
890130
1161874
38572
38690
463541
1331717
22890
22926
1224987
23630
160572
93204
1791900
50522
30353
140622
25150
23771
2131740
633439
2571
23920
23979
78626
849545
23681
42044
43009
1586853
25941
51352
1782707
463539
57072
18385
319788
430002
19483
26831
1978507
525613
30538
12291
243552
1142112
1233419
761662
1729612
580592
1611908
188116
40965
1565317
30939
862636
7528
1135660
27365
638888
41334
2858
1330084
319981
37395
1183184
574222
78712
899564
1381501
33128
36364
38786
27525
1859051
38459
30724
345646
187735
469878
192906
213858
814971
29487
33726
35561
34586
1328040
1114920
39696
45931
72679
78629
24217
18640
1141972
71709
25990
32993
1200100
31656
1315527
1272258
271880
26159
11797
140540
466516
94713
1419638
36095
1928725
1481472
1601894
30387
26751
78588
254853
70286
1213522
458569
928928
30810
944184
33619
7692
1019951
699547
1027567
5343
2918
30474
1337087
814948
41888
1286179
1251043
38316
2744
864794
1031423
40864
21785
174377
26440
43051
1381547
1459811
268979
280982
1741889
277954
34358
1928112
21612
34177
22362
38979
5063
1009768
1494306
1499293
46149
30080
34978
69915
78706
12565
820954
16624
253762
13335
21410
200670
1883450
31294
1701660
36615
2020259
1642096
645131
1516698
208985
16191
38801
1460243
32919
1139854
1265193
23646
306388
1180761
1732723
26472
31684
191097
3360
69963
1447813
1722456
130159
26558
729338
335697
1135173
466886
884857
98674
1573229
1313052
42534
43274
42791
40760
1601611
25434
77657
1664525
1340641
174332
1791913
31112
50691
1135184
36863
75615
23304
1904487
11107
1921159
1135192
37473
1144040
37869
409399
468269
1135626
12727
70057
262782
117181
30634
29430
1823013
1136248
1527530
21021
180789
111885
1436063
31093
1229635
1441854
1434818
301548
280993
1836614
2888
229982
704334
161115
69296
910422
23693
32595
32609
23660
1544262
17620
23005
23253
30569
1523248
50413
1677690
18758
2802
1811664
1350564
325048
1622562
583426
69715
14514
26479
43266
2068220
12850
1823029
1146345
1817353
1817354
651632
18524
1724719
11281
1232646
644234
1800199
1231657
1248690
1944737
1690063
1279051
162357
1138281
13949
13895
74404
525791
23252
1587711
32871
129061
1734197
23506
33910
24747
1859057
34138
1030937
806322
23281
1859053
23298
97182
26453
1691474
40013
37182
2586
36841
23096
1859048
27478
24435
1817351
93991
1823030
1857242
24208
1823032
37865
38888
30631
24393
553389
1842922
553390
23309
9012
1327831
37988
1791880
1437592
1650429
510644
23250
996174
300231
23903
25269
148890
22840
75489
24903
24171
33996
35377
24074
554053
23185
23603
143793
1027408
160713
25318
43252
35554
33883
24746
25244
41071
480765
35884
720936
23722
95495
35480
32009
32622
1243416
23725
23537
33691
1134534
23370
25245
24309
208928
32234
25669
22965
248403
32154
112162
23208
302906
1618077
35904
32081
35573
38865
470725
806981
662587

38769

43231

















39027

131509
1135797
78719
27692
78584

557567
2642
96943
1515447

33072
30910
39781

11532
164124
41167
39581
630277
104411
1216045
129745
712734
243556
27415
188060
658511
2763

7484
11754
30613
853795
41732
1188285
30682
30721
34320
41757
5615
96945
1776681
39555
27694
358129
812065
78725
33832
1327712
1622868
862633
1856996
11549
1085380
1073489
78591
27204
1622886
242474
819528
1145162
1108529
574952
36490
30459
1243535
289262
59582
361759
25590
1700757
1202442
266042
804046
816800
42581
37163
30654
1328923
292198
25810
843411
25010
308837
1857251
24852
80651
601384

27420
78599
22947
24105
31233
212813
789362
36771
1318836
38847

34204
762679
160770

33244
30584

18738
278248
34943
56879
30891
319639
78656
3240
38464
933794
34699




























































































































































































































































































































































































































































































































































































































































































































































































