1494947
1290300
1640681
583434
874617
155782
1201004
26427
1446616
1650213
760723
245555
1353551
1343053
1224237
1413857
1288868
1686118
1388068
1607333
1416727
802329
887969
1203619
1686118
1377221
1113804
1137106
1044299
1798693
1073007
623540
1158512
1360352
484878
1428427
1615927
1335102
664444
1272349
1771196
861447
1469339
1797467
1701828
963983
1424757
1310115
1195885
1469204
1789406
1243571
1805494
1453338
133089
1519210
1668675
246557
155936
1487907
1729607
1657810
1273707
241996
1044785
1177313
1292835
1054122
1777474
1096692
1458595
1191369
1469210
600812
1787195
563240
955979
1487920
1408446
1412671
1646520
865152
1751609
1089729
564817
941324
666881
1300488
1315282
1798683
1635679
1585612
1699529
1965828
1396712
1490110
1184675
1789791
1400171
749025
1665438
1208969
352847
1481909
1238151
1469656
1818299
364822
1814609
1382392
1750565
1191741
417743
1327150
362121
1202525
772168
1624950
873270
426880
1315319
589344
30973
1610744
1830671
1364036
560945
468931
1536436
1316269
94841
743381
1692797
277460
1669628
1636870
1479742
566776
1347241
402419
1741323
938521
1615459
1612843
1434889
1042347
1842319
1159233
1076647
1692880
213501
1286950
888745
1175942
513982
1665439
264190
1586275
1593861
841705
638090
846000
1336582
1073496
1790181
1459564
355356
1413963
1384881
942358
1353289
708435
822789
1082597
1122424
560939
1421275
46469
1070617
1187392
1426809
891373
602845
988160
1684579
1603990
1044470
622137
1276934
872362
148830
561046
815465
1347229
1397857
1186553
1793784
1526224
891855
1189856
293477
1586559
1703571
254308
954190
688830
861445
612699
815912
1401248
1634789
1021834
150201
1288907
660326
1191194
1647807
1083204
919374
1276626
1406645
1053713
186811
513072
1009832
1414859
1403694
210120
1186684
1580427
850356
664226
1390336
1525065
1116734
388523
122023
1436856
1404949
1338016
1079056
1841015
1285532
902383
490868
493724
1510854
1387439
1648518
1209399
640220
1082930
1580220
967622
1188375
1072200
1083890
1662379
1603224
1315711
191315
743192
683450
420568
1436133
195305
676533
1580522
1022354
688297
246575
169756
427438
1382019
1511063
207069
947898
1675966
1523822
1228273
883503
1080520
999171
1102240
1553376
1256180
1225450
1553386
793820
1529470
1351133
1643842
952057
680011
630494
643771
611831
1280082
1664247
1282008
445926
1417286
325916
1726757
958335
1200591
299799
768474
1336731
1180321
1799734
1483089
1870188
1337884
1451196
1386006
588687
787242
575779
671203
1355574
230190
1402924
850295
822440
553849
1078113
1292511
657969
1526621
675327
861661
1186685
857176
1658202
452269
1137909
1339347
517068
634868
1358345
1787794
851514
1483504
1043763
361322
1320169
1043908
1817871
1088066
1760687
266105
1072317
1843149
1043826
1067260
734287
1167529
1368710
797132
1793704
1512829
1081025
765693
1441106
1125076
473852
1368304
1113724
1057433
1060604
954621
1106074
1054114
767014
1744188
557799
951498
604089
1922172
1446625
651910
1012842
1385856
1510394
1337009
1396375
1514441
891870
942379
954962
181644
704523
942379
609624
1209987
1445650
1794177
604982
358675
844996
941656
1425696
1163501
673356
1326043
1048023
1469996
1669433
2022740
749662
1595629
1642393
1200630
1225435
199834
318526
1639718
209430
1197346
1192406
1279764
1457854
530197
281762
711559
1695316
1425998
1736561
1462152
1814641
867080
1818166
902675
1683553
954167
892679
1366937
1860792
1367587
1641114
837066
1164506
635198
1388070
1586552
625175
1125187
852347
1518938
951953
1487877
614384
684983
846063
22759
765198
1175706
522236
928454
1463084
1019947
1215735
773122
659086
1790177
812816
1320168
1267102
140571
1458712
583418
938218
801050
931332
1839160
1271367
955204
431323
1240172
22759
848635
955820
1272273
1473605
463741
1137457
1186330
1612523
1430852
1593422
1214556
1316124
1014976
955379
1235086
1860776
539546
1398105
295069
1533541
632885
1604809
1204534
1705068
1209408
1096373
1840625
215785
843660
1860777
1692116
1068590
662962
1310131
1077910
1584079
1797866
1211640
1881249
1339595
1347714
798652
1580249
1599672
947065
1643776
1401991
1074476
1253852
866649
681383
1697253
1346646
937535
760717
478367
1856717
1203194
162458
1615528
1706661
213798
155926
1482294
1860819
1314412
581530
747718
1174726
1374055
1482209
1415372
1479924
1486541
1529161
1237425
1173788
278856
972200
883087
1689729
526657
1239583
1310480
1516024
1439393
1072068
450972
294859
1459257
1395482
793255
1425101
491827
1403691
111027
1072068
1647186
1288582
288880
302783
704138
1320949
1051407
1027447
1356264
1425182
696443
1342756
1423636
951954
1287773
1738775
1413847
1348497
180646
664444
1344677
210114
1398938
1699556
1055426
1573563
956621
279481
1418099
1347568
1077915
1621143
731855
952095
1068482
1296769
1712233
1487909
1327406
1572340
1292092
562726
95336
806579
1524063
815080
1341538
1123510
1574106
798608
1782648
1185211
1430151
195668
1002039
1308600
951921
1290962
1407250
1117871
1186978
1174337
493165
1513910
107917
1362341
1430832
1199709
935379
1714552
1557220
862993
1661695
1170744
1272440
1438570
1292838
1242194
1458868
24155
2062434
1888589
976506
1031220
883729
1107628
1473534
1207581
1183148
1842565
1364042
1319972
1473806
1609209
1436258
1211648
671529
1310118
1553105
825664
1416696
789549
1730730
1187225
1290999
1025462
1076952
363357
1539619
1702111
1798679
1580952
426159
776152
760753
1327304
407744
1089684
746395
1113670
1029054
1433231
1860778
760320
952029
1249993
1312681
425950
1718458
1516829
588626
1362998
1541228
1265626
324910
308909
848600
291399
1294120
909198
823457
1259187
1302828
1069936
1136450
770881
1437877
519835
519835
365666
1120004
401932
1089753
191175
969870
846009
529887
1068913
1314353
1269869
562592
982599
261801
1076712
160447
1296650
1331249
1531975
493647
1204322
1215976
500882
972406
690516
662373
243856
1298669
1372086
1218243
789484
1113676
1113676
1265460
352879
1631615
1177358
840212
849334
1210913
264096
1132570
898424
887139
1642810
1224691
846382
1614550
1640209
1460575
1297974
1136097
1076588
1076588
279485
785377
1248057
1042511
210683
1191407
1811785
1352860
675762
963940
1606279
1338990
780818
896072
929168
613792
1642780
697618
1695681
434498
832171
1274400
1033167
1695966
113003
1184694
183088
955356
642551
1254166
1203665
288406
1425769
600850
1473580
1410437
586388
16653
1780058
1269250
805451
823018
1318686
1320444
942372
1004976
568581
574629
1338696
1113678
364547
609506
609506
882882
1585611
955348
604785
1526689
1327407
1284069
1202031
119079
577912
488624
1362341
662331
643228
831749
1118910
157865
1233655
1400463
1449690
344689
1209408
621882
1014688
877690
690107
1247997
789631
789631
1027194
450739
440330
1692109
696934
1478281
1736527
181873
831489
921341
728365
968919
776160
1287374
1178263
1334829
956169
1226756
789598
678299
1199638
1667834
816434
1284082
635947
629594
566187
1359536
1113688
1113688
1642793
505960
1478238
640284
872575
1028896
1132572
1177779
519439
505313
466890
319784
1355552
1055426
928440
395130
1721789
644017
210164
751202
866967
1190025
895954
1656860
1070052
1185748
1292335
958010
1300385
1589629
471271
1254170
1213678
1609716
1079557
1131928
844437
1242587
858340
639558
643635
544693
1031319
1477878
1050838
1022350
837586
1161870
876734
839893
1174296
1396784
729733
1667969
180259
1636592
1284944
819916
1078846
449232
313981
615292
1228558
184360
173461
688449
529625
1430406
1353421
352867
844939
789558
212304
1137404
1309966
357880
1132145
1450519
1372921
1050161
551961
800882
563083
184450
184450
1254297
863359
888884
789510
212441
1199383
848667
1665803
1240650
848593
1071186
760746
306069
308131
1055316
1576876
1198007
1614450
1073471
1175708
1086012
251269
1353561
1045012
1050166
862996
906937
865172
964356
1659747
361772
968912
668422
654097
184138
933576
1329665
881735
662428
1276312
203866
1341475
1248482
276738
474448
1292092
1320863
760342
1276301
1182933
935728
1512798
911494
1621132
801470
820175
1323305
1702104
1093042
1400993
1253890
1433600
1163219
1370500
191178
1515122
1180735
1424756
1077975
1076696
1456983
794244
660320
1057426
942375
1095445
1420188
654044
1353457
418137
961994
789539
1173250
1387389
1350138
107280
1613563
1020519
716410
767038
911900
214633
1290962
23354
1668672
1637566
46518
1434889
615414
616179
1311533
1014981
935502
1257648
914458
767716
688271
421328
696646
1239553
1695701
690149
39591
942393
1559639
1309958
674332
982855
411617
807752
1432180
884382
1680173
479020
857120
1561552
1786952
1404414
1329227
192735
629823
933051
797594
1073143
1298713
656495
251855
979752
919330
1420266
698500
493169
861001
937066
1230848
1798782
890232
1797467
161415
825825
1131987
1238058
1330875
1420170
1624586
1410089
1410089
1898281
1116646
155936
820581
1448508
948555
540077
276121
424609
1739006
1203517
775620
1324871
1116648
201738
662936
784303
1185894
45571
570777
95325
877581
1779893
1042559
1188031
770267
789590
966023
1413887
1287392
240538
1300488
717166
1187317
511032
610267
1439541
469205
1288102
1288102
689302
1363934
662314
575806
657052
1034995
776151
600812
520336
886105
886105
914127
1207580
798603
1078851
1697214
1697214
1709773
1188048
1188048
877658
1607328
1806615
1081241
931605
1257745
611223
1073977
1415104
765715
1523842
1523842
955376
1268012
260964
1162410
488139
215168
303059
933798
1325363
1338361
1079485
660317
1340895
1283407
1612774
197729
1186442
942549
1381600
1045656
23229
395821
566681
1256178
1296625
1315290
1206309
1519290
262550
1161885
1394403
1394403
907046
1748174
609505
622091
1276045
1686146
308921
816325
882401
1213684
1081059
363345
1076335
1297165
1297165
1639163
759811
363352
1329747
504176
1330873
1364016
1364016
789529
750027
1075065
1430151
892903
352358
1692320
621869
807775
1203656
776161
1308353
445873
1431123
1446731
1446731
776184
1077907
172034
527103
316688
956166
952322
1076756
1086353
940446
1302121
1039566
1170238
941660
618718
262554
1367702
1587811
1254125
658539
422685
1797866
850354
1125477
1287837
923312
1304779
445497
961995
1706474
32392
602261
769525
816920
1420183
1194286
1108610
1170744
1615927
1013276
716852
440530
784307
729449
1207954
610270
239194
363328
846383
789633
767738
1327325
766648
848352
1393224
172841
883077
759801
1431275
355739
45690
606492
504085
1187956
1526724
1526724
748856
1018576
184321
961984
1533553
425255
1113729
1113729
1710991
1355539
877401
1842517
1181104
1086647
1431282
1310115
562593
564842
866667
488623
962703
1552957
877630
877653
877747
918328
1287056
659198
1287056
820164
519444
791427
690181
890346
1798778
1203447
1576597
50207
1367924
776689
1077895
214685
1096703
199820
1187236
497662
634110
196074
940829
1352713
1186529
1017520
1282015
952150
1229177
562725
641427
1089685
208494
1334896
1328857
688991
1578910
1683723
282276
867888
1315250
312159
201939
726956
760398
888966
977404
664644
1403691
1187506
277761
1894672
1561249
927627
1095432
743720
746895
1201864
1181715
1820770
891387
1435811
1116908
1116908
721337
1398938
1665584
1343495
650647
1665594
1331703
982745
724382
918334
1416589
1098786
1137393
1206267
1526683
533777
1211644
289137
1787153
1787153
1197515
1113742
1186465
308194
1128965
1004997
599353
1667970
107216
1107731
1368654
352866
1406476
674009
1412672
566644
194523
1127293
678238
1179024
819762
1296672
950829
1327319
674498
169719
1178512
1666494
1474555
1474555
1580704
332300
426326
618774
1705081
1406428
266520
674215
688295
1116148
512013
877701
1204356
802462
1574198
1157237
1124529
1342934
1342934
430434
413158
298665
1533543
1111678
1164489
1184681
1184681
687441
1410178
1410178
816368
1107647
1178444
1187227
673437
1010429
1486264
1290479
488412
997538
962046
806552
1423353
820094
1958830
517663
1469334
1469334
1668982
1720299
1096353
303659
1378819
592209
1554645
1113747
974243
819759
303347
867841
484856
1098806
1099953
885870
1420163
1318728
1318728
528436
1388669
563234
237562
938519
1243220
1187342
1113690
605647
247761
770256
966027
571546
1086940
1847184
766617
716647
191176
658364
360099
866163
238763
501364
728127
672487
672487
815772
785409
1079456
1184693
523192
1235101
110911
1436453
562890
1860793
1298907
727101
789066
1308909
30893
1469204
1798724
1746498
941213
763228
763228
933768
201787
201787
607858
544312
212418
1077913
664826
621515
878296
1309634
728765
1332788
1332788
1642043
1642043
583432
1174485
1252913
1363536
1296656
1400214
1400214
140422
791809
1118867
1579029
656559
789565
1105534
1017196
1292131
1022649
1296776
1290735
693575
717173
1814319
1113753
1250253
1173650
282674
531629
433311
1788034
1844111
614834
75307
1192954
974268
1359647
848668
1565859
189103
1014980
1617612
188058
912931
1311905
1311905
660878
1292838
862590
827248
640626
617763
717176
1253827
1336743
1586395
1203511
1072054
859282
982246
982246
1276284
949321
1086546
524435
1683897
936554
1209228
734402
734402
940743
1789403
1116681
358155
208077
964374
964374
1181700
1329461
165555
185008
877684
524801
1132342
1132342
214426
359348
261807
254472
113836
564845
1406320
1045828
789578
1239595
1347258
1125874
609733
1068592
524651
1064852
668421
1327313
1641041
950561
1136396
1684584
877681
121633
1536476
674014
165518
883759
304119
528873
727897
1531971
746408
1677254
52133
31922
1049679
1509423
793066
1578114
1235088
1743859
1330872
806669
562727
940594
750845
616926
46382
1085401
815431
1226436
244811
643533
847221
847221
298448
1075819
658554
846102
719330
1367619
1306075
1560824
654096
1304777
1304777
578756
1185793
1285477
1285477
904710
492586
846686
1202885
598355
1406300
1845073
661519
780417
1118480
797797
805767
877668
593118
1081906
1609216
847629
1285497
798069
643482
562801
301631
956736
1339208
1052898
1343474
488205
821404
1335315
1879530
1396874
1350598
711363
711363
1321562
1354561
1342754
982598
1079539
1212097
518500
496648
795630
751550
1210508
471276
759812
1280022
837440
1113759
1070973
1203658
1463282
1463282
894803
1518436
707970
1067256
688876
1089873
528437
1254208
612150
309797
607131
1300379
694558
528214
1533173
591734
564813
873557
383971
846005
1356595
1079194
1665407
684734
1533560
410017
1418093
660301
619508
787350
346000
881523
1682313
865940
1239273
525445
1498722
520230
737857
939542
771686
1193993
1195372
1638280
1580238
1399235
1639134
1055825
1211647
1096387
660148
818975
538329
1188024
1975598
844415
957203
15403
1402626
365245
789914
886150
909803
1212866
1344648
862616
773229
783505
1015185
1015185
1156380
1420141
872957
1412671
1220299
860920
631757
581546
546201
117222
1127305
619513
1307638
1015128
1305787
215804
1285773
1393439
1391052
873237
1306239
1078844
1053736
1419978
1178514
883823
741049
1089691
923241
775772
1798727
419665
662325
711327
1272349
1004996
263674
662609
760400
760400
1273271
260485
666869
982284
1199668
574642
150242
1105448
1213430
1422743
979376
267371
519890
259306
789645
1032865
889534
610184
343316
268375
1254229
1453194
1412466
1114979
488638
1710977
664501
1668695
614177
1737921
1737921
307021
1197547
1406729
464486
1197548
195927
243516
1352923
1137705
1049999
514802
860282
798654
1199959
705484
1041660
1123949
503710
361315
940573
606420
971628
766606
1184206
988184
737066
840241
1528815
1338390
1251666
1799262
1580235
1290925
1469618
1346860
1480132
1580774
780432
1098754
1113767
1086697
240347
1197124
914169
1077926
923281
471274
1077905
1902709
1254234
711357
1292134
787426
1398915
1596241
1596241
1326393
1089073
1195337
1098096
1087966
1137059
885319
693599
1624950
710159
307438
1161211
605654
189982
359188
184822
963965
1413783
1413783
1280080
1050158
961314
1403861
1336566
812652
1286192
1345875
1523327
575792
589585
1793661
1418089
1418089
1668970
1203195
784510
605224
1189288
743533
1032811
1284071
966019
825641
1083185
212480
997560
1251290
1573122
774448
623537
1404415
56829
881771
643638
1200984
281012
939625
1089687
1867094
1663094
1227362
1285822
1285822
1558461
1599317
1107651
1331697
1331697
1441821
883079
1096341
1401987
1430912
1325761
844226
845336
1116042
1538818
961313
793255
1187449
617044
1152455
844943
982677
1053675
1229526
899701
750028
73024
1367618
825593
1253866
1185336
902969
579747
1607566
1204558
1437781
1406419
612863
181229
856685
856685
1229784
1962799
1320637
1320637
320139
833641
821660
791692
1075747
515999
1553125
1223119
1348438
1348438
1348438
418605
1206287
1605949
582276
1473814
630228
310768
1281021
638622
171786
1508431
795179
425711
1238393
744494
576165
1021586
789509
1668969
1288187
902710
836436
1448375
115980
352881
302912
1093046
1215525
279480
1279040
939390
1086939
1022309
575225
1088753
214972
1347713
1787195
1137375
1800413
562796
1047586
1284098
660170
1211806
1211806
662604
401933
1930487
1288279
883082
1607333
750033
1420819
617219
1431516
954622
1229542
807742
872989
562889
1469816
801707
713291
1420205
1469777
980310
1683733
417067
1692237
1077922
519836
1124212
612736
962062
1117069
1231567
621848
956925
1786962
1119687
1192398
1530314
1531392
1077893
930627
1598982
246438
245555
380942
1603755
605257
1154746
740997
951743
1363660
721089
618878
1292828
771630
1670377
1241302
837847
953958
948800
784178
1202358
604126
414906
1071179
990989
1226147
1316205
857269
1321336
789600
24264
938524
1052977
1165710
940087
1413847
687008
980311
1186514
711231
207236
202180
1081234
607673
544435
430429
782411
764018
488197
544277
1026781
1395704
538501
586768
1307981
558539
31047
465614
335429
816850
919848
118241
1332456
1347933
274392
775355
1516030
1331597
497352
774947
276119
1360346
1285866
1131896
1191892
971787
215158
968948
848268
304733
419133
419133
683364
632870
850962
1022128
875672
1419975
1708842
728123
1232253
822716
1113785
203666
860269
388903
167006
1533558
1559637
1559637
1111611
1842565
711188
1334831
877697
1692213
968915
1393408
1326195
502420
1430832
571708
1664013
1664013
186079
1206948
678292
727921
760333
1086712
664521
488622
488622
798641
1191421
1561862
1577819
1446616
660316
194165
877760
1288285
795510
255610
759627
316685
204079
803533
827247
780282
671518
606366
1739913
1086703
1669607
1360349
1360349
494417
528453
1288582
760359
1216005
1111415
1184696
1236818
963964
807932
1387113
1056689
1219968
787216
829534
1190869
1180500
962026
117539
848607
1863749
1133564
798643
982394
1574548
1161248
195672
1086650
1086650
1311408
1076138
1524518
1110550
73167
1192386
1668675
1325762
760724
146801
212867
1033099
574234
915102
1407241
479745
851626
831044
937414
1669629
1384425
500637
776299
1975605
1116391
1197030
1339269
1807857
1202888
837064
1554109
1092563
620026
1044299
1232560
23142
488186
488186
966026
1130805
1477856
581517
1272436
1076170
1076170
942834
1282156
1751615
1457626
1593857
1215410
795371
820140
1029778
799263
1113788
179410
1677184
928122
1082102
768331
1210893
1265963
251915
1302005
759823
1080983
1311915
676504
965764
178818
467319
1140003
1600334
993022
623698
604105
616544
282462
821998
814567
1076668
316544
1975612
1745514
1222188
489627
1288287
877688
1685594
1189711
1081016
1741911
1283236
1246270
1081031
1226630
1118697
1414866
1037037
939780
1419974
1033279
574077
1244924
1288119
1180288
906945
1183589
771294
1473063
1074586
696443
1099974
1839745
1203946
1179875
1325998
163670
308841
541551
408987
1232216
1077684
1482742
750841
1075210
280504
280504
1421825
299148
509150
969245
1089761
914402
816313
1220583
877672
789495
1325817
1166239
677988
1575707
312765
1365254
198563
751649
1531830
640642
1219662
1219662
1251334
1132520
1798678
184461
877626
1192952
967350
581526
967390
445481
1668966
609712
1315314
1196750
553387
1751619
877634
469382
1351007
522123
280868
202181
873013
1030830
1203609
791428
1524026
722756
956181
867884
564794
215387
575782
1304955
1113802
789507
1612628
1294755
1413863
886088
1089760
1124094
1618214
627016
627016
1235089
491810
369742
1032039
1189626
1210943
780817
802245
802245
655575
116741
1130329
1315434
1079103
303917
889093
1003685
521148
1631623
1021929
1023943
1395681
1113803
1014602
1460176
1406475
1089645
1187258
1288331
846381
523749
1081014
1334842
1171140
1391209
496563
1139169
289159
861805
1290768
534394
1093798
191174
1096693
338754
729721
568577
867081
865937
1532256
201692
1578147
1217249
1214913
1098607
1420172
261303
1533539
1186461
1186461
1008793
1788033
1788033
201741
788719
798649
606380
1184217
1477513
824717
1085744
1096327
578761
279489
279489
1111613
864983
369754
1156141
1825927
1557236
1557236
1269329
1473639
1113808
693689
1431281
164848
896055
302703
539939
664514
1286945
1743835
112274
1076161
189075
1202082
1430857
933795
1533556
1303744
950474
782802
1317097
1317097
68721
959407
231202
710158
710158
493165
1112686
1107648
175947
1231075
38807
1109490
1109490
900825
178539
1435825
1435825
164684
1531854
1435434
239759
243138
212689
636392
1187213
1115074
1021583
279490
29569
618761
426180
1135681
1288643
801477
1211646
1113692
186934
186934
1119073
1524014
1074968
1358339
1358339
1249578
1263278
210825
406928
681987
955379
631245
298447
238776
837870
680905
431169
188109
177126
974618
278814
205893
479744
1178324
873018
1107620
249063
1030829
523825
1799263
180218
418799
583435
1051415
241728
1287379
1059416
961324
1125748
1195865
695062
1192079
886138
759814
171699
259809
1042752
302545
1096699
1441584
1191890
1191890
1453338
109491
1113816
1195866
962038
1664722
1178629
789646
1195867
1195742
1195742
873238
1416727
1430950
1612691
1082106
186498
1003332
1122585
1327789
1327789
789574
938380
1222159
470539
955214
769168
1393672
706297
769166
1329406
1180784
1588609
287892
1239531
564541
466672
214570
1327326
1185902
741397
801120
896053
1249605
1203192
772104
1761869
643229
966018
1210947
942368
1677188
982624
1002682
1298925
1113824
1532880
1838455
873227
608535
608535
633094
322003
1016654
1016654
1526704
1460327
1083717
1226789
1037537
597976
1315279
1023030
291425
860913
1433032
1107283
1603717
1603717
1302716
767173
1035040
1296772
925647
922539
463967
688448
503659
1167220
361757
666950
794427
1174672
958421
1342757
524434
1241301
1021382
1418747
1663855
959247
1489449
1287373
1690655
613181
798659
1311639
848345
298676
154807
184318
1799261
1123768
1319809
49533
970296
956161
789552
1116458
1123526
1684256
1113699
363344
1416710
962702
574448
577611
24416
1520402
654102
873019
664534
330467
291622
789547
726417
717174
613182
830553
1396743
794462
794462
1202090
1089071
1336717
1665780
1093768
1076693
613892
1089689
1253868
562799
605260
1244302
716687
480791
1130978
1405022
1137367
1700817
863822
1599299
1288332
1354085
687506
792540
903584
1003285
304455
146830
535936
1079825
792429
1520063
474673
914103
45644
295062
97194
369752
429955
184069
843101
356406
1336887
263653
541822
749834
845368
1169591
1169591
1224877
1173678
1239600
1508391
103468
720460
1706529
842718
842718
1532672
1432344
331542
1285872
1606170
947901
939569
1816323
682552
262543
710807
432605
955366
1096390
469700
1187252
1250510
281480
1206263
720454
720454
1699539
1348595
154280
1316930
149895
1126173
259301
280486
1127040
866569
774239
775612
877444
156008
658477
490135
1310975
480730
560584
363346
303919
866693
662930
303922
766650
768325
890263
1415486
662728
719340
564582
768697
295061
748384
759589
950396
766159
488203
1807277
821728
568541
924235
727586
821100
1209942
500932
1233418
1413846
1617161
860890
1223132
940334
474589
940333
1216079
1843149
416175
839242
1086708
1315286
1315286
1315286
568571
1077221
1437880
912207
1125736
651645
961989
959696
860975
1400216
1229066
1117827
1524013
706439
1017899
844937
1113907
623716
780414
1105523
864894
962000
198025
1250240
997573
711340
824218
883050
1599679
1204776
953873
953873
877763
798629
736188
1538232
1477502
523193
865570
180137
791805
1081096
1089738
492045
886140
1340670
244530
848011
256572
489335
660321
1665593
1520249
1324315
1699527
1637463
722741
600818
824070
1315308
465909
1283966
1206272
389845
759566
876196
759815
969252
872956
460632
1422593
215226
1695881
1419287
950830
950824
1186228
1070712
540929
1199382
1114798
1113912
1113912
785716
1174844
1286796
920384
1083562
1133495
207617
833219
852071
197352
389050
1053963
1191050
1077894
1186485
1179483
705450
974753
516846
874618
919849
720560
659272
1073742
759592
1358655
1386482
1693398
614574
466214
1697817
113465
1460534
1184497
393237
1787141
1081240
1364036
1213403
1170043
1337765
604044
289441
708738
942381
661934
1336751
623391
1369689
794253
1513928
441164
597964
1168061
1362972
188055
1244376
766160
1302814
1302814
1624340
1186458
1526413
749736
1534734
1534734
1668681
1101030
862284
1406565
1397342
1397342
1089686
789485
1033111
470724
289138
210428
1113914
609755
1178350
1130691
1089881
1254240
1191046
1417095
1325210
1325210
1665577
1451566
1396786
253103
816494
1313053
1288868
607142
767015
940976
924315
862608
1052689
959594
309153
560416
163604
586467
1422736
1422736
1113915
740171
740171
640742
934960
1787188
1387194
1418816
1667947
612180
612180
1413853
962012
1603284
873017
1393467
1010426
1235611
1089877
1805495
1436730
887704
688301
789643
961329
422129
1395694
1285463
959240
1202092
1188049
265036
1235112
520670
1412132
1443464
643232
606695
970565
190851
469804
1611223
798632
929665
317564
1117570
1684401
1215944
614176
1318400
1057939
1057939
1434853
754126
169200
1235431
728290
28109
955800
620134
890503
1421270
1083796
941579
1456394
1089762
1024928
980793
940778
940010
900433
1010733
1010733
1218556
1108609
1108609
1123966
1184184
883062
1447804
469202
605262
589644
1592161
582499
191869
1714508
1714508
1341066
1362293
886016
1185790
406919
406919
1124533
1691413
1288116
622980
828273
968939
796398
938451
938451
620917
1292810
843804
1429607
184533
727837
950861
526827
719219
1072068
168313
1037142
874019
837061
1254270
109960
921921
552718
73462
556952
1336906
1097753
1793833
1090202
312766
948745
718093
518503
682551
774514
1300495
883073
883073
983186
1184465
654084
1327311
721301
213066
1122622
759820
1552977
159833
734042
568547
1295636
701154
701154
826089
1024958
1566101
1469332
1585612
1227590
1182932
798029
1426978
1190033
1436305
1252072
1460862
1467236
703044
665167
574841
1137726
877450
578431
1578006
180177
690230
1416706
615411
317544
501380
1096694
1050178
1171780
183500
930065
237606
318615
330466
1197653
253632
310825
1232264
1428295
728800
231596
845556
980381
1096630
46379
1737700
1211624
1706477
1712987
1242314
1358581
1226849
1226849
1667026
1667026
1222770
740944
1667837
1202769
1414761
1276686
1678277
671331
1204816
343748
1948406
958464
215242
530859
1200631
1304337
956877
1096400
709148
896327
538499
789525
1113904
1353700
1089592
961344
562724
1098752
201690
888921
966022
789589
872974
1222186
1197655
1119652
1364042
1130810
955438
1296763
1029024
914134
1331666
1236349
968942
1086937
1213676
1101037
789556
1038365
1113906
874613
1286967
150591
1273274
872996
1113903
759507
1111391
724365
810583
14052
1430835
13917
662975
562891
914399
445511
628878
932308
1420934
1668673
195673
402762
1675663
489336
1123933
1193283
1169060
716230
919671
1199709
30981
912286
1032851
847983
1243246
821249
447418
819215
1880258
1190861
1119461
1222189
747767
1113899
1191093
1212630
1050165
1358378
969256
969256
1526415
1862555
1081285
1081285
1101052
808791
1296758
1296758
1463267
196865
1692116
1178319
524655
1298679
302371
1283034
1399943
982299
1288346
1010219
1081233
1270002
1381571
1715554
1155130
1845173
1520214
770880
75416
1702709
1255209
1386775
1177131
210111
504606
1686118
149583
1607371
1191891
766435
637656
1291325
1357723
592909
359193
1666466
1692206
1455322
1101143
1558312
527616
860914
1081270
1458757
1114635
470550
921174
792303
1176214
1187044
31097
959597
1413996
1151313
66757
262739
861197
791682
571502
190666
185349
950659
1416111
1249615
1249634
877631
968944
973967
191132
793691
793691
1199712
1199712
1680370
1079817
951994
933069
354785
872986
597503
791808
316692
480253
902279
1184466
362694
1797583
817731
916332
698499
866688
244034
742347
881640
881500
620124
768635
1178442
1804011
679315
823127
911761
1609714
1562733
775246
949266
967941
630953
803343
1123627
1305618
1126421
935552
1213141
674520
469701
1291391
939779
1293092
949483
1075463
1385467
962022
1308370
1531739
1531739
1426548
1451265
1602352
1137407
1235099
1191684
1126058
1197250
363349
1216389
1524548
1484998
1579845
1284065
1426170
1333336
1300528
708873
530464
1793551
822237
1830653
1016132
1198071
521318
1508427
536457
624166
27299
1035614
1573126
759563
1384883
873289
1624062
844425
1412137
1109757
1323897
470638
955141
215151
1129081
195782
950596
1013021
767789
1199714
212630
602563
823209
785411
654089
1130131
816396
637744
789585
789585
522440
935622
1084272
759581
696365
789630
621562
1416719
831474
177714
421786
446266
1799282
315205
330643
819872
1098783
35513
532739
1050813
1109477
1109477
924485
1435604
109262
616011
552569
110148
577904
1162514
563177
563177
1209597
1125969
1787525
183420
1425206
267365
786580
198559
1215064
72241
1181438
534670
1290932
770136
1031325
541330
541330
1793881
343757
629786
306651
1406433
1201760
1418549
614912
770251
292668
1293027
950473
1284340
750032
305219
1202883
1077903
1432212
239219
1356312
1356312
1609213
1154332
653592
863098
955529
960415
612735
185014
185644
579057
650616
930184
930184
1165457
729093
537853
959774
943428
1288111
1444231
1241957
840184
970243
672450
280507
1119910
1217143
239920
1026065
184367
478357
662935
309517
155913
1102043
872962
538112
729988
1577815
46820
415539
1051097
1405016
568573
1184672
1123946
1108605
173408
711339
866686
364546
302785
822493
516273
127133
127133
968936
982679
1075519
1558320
760729
1287058
769895
181910
647900
1195263
729731
942353
1187308
1187308
1329523
789545
1428404
800880
181069
1059490
282770
873556
1414691
1414691
1050300
1348329
881558
735234
1112701
1194102
315201
1800387
1800387
1635773
1187359
1174648
1702715
1702715
865931
418602
492589
789587
1975600
496732
210819
877677
956175
1307639
789494
950485
1031656
1031656
1134871
623636
464919
1250443
1047667
726705
1719066
1221026
848314
619506
621519
1186615
1351566
1006676
303824
1199113
823078
1210384
904098
694060
1207956
1581073
1170044
1801951
1430834
128949
612183
876161
1246213
1432570
1186459
304860
198316
280865
180233
766622
584836
1429912
290410
548798
553791
1924403
1199726
24382
607636
817720
1130797
1029063
1431132
1431132
417759
199276
1384552
1209498
432435
488960
806551
792756
766062
248689
919888
244451
1097466
442277
1358582
1086716
942379
1439831
1113809
1396372
791804
466439
963983
1553099
574645
678234
616545
888912
1283027
630459
1353053
1074750
1389994
825623
1119806
1119806
1183512
1195281
1370590
936603
1609329
828159
1116942
759817
184595
867082
867082
440531
1033300
1130792
1130792
877635
1529203
1179331
1134206
1231090
261936
660213
866373
1975602
292462
1132069
1350517
1059129
1553870
600844
1420509
1073012
1543647
535669
1385177
891743
938247
926484
906944
1247001
1440009
1137668
988769
950504
846392
1793199
1053838
760343
406926
789502
934299
883080
1081288
816481
712132
950199
439148
466436
1748125
1228546
1426403
1138003
813055
1662406
598072
592102
94550
1092903
1830655
1353490
1458711
1335694
1335694
254473
1179484
1235341
1554123
564531
1406436
1113813
1113813
1296385
866517
500520
614449
1210929
243132
726345
210128
1392225
848612
417068
1420829
774332
830550
760329
961306
1448524
741026
1334830
1239448
1252070
1112684
239355
201664
1216798
807924
534391
877700
127638
1604505
623366
1314700
953859
1049799
950660
1395447
215658
157838
206435
1445405
948567
1401228
617310
1078788
1526697
1274060
863652
811069
279487
1089745
470834
1575566
1642042
679101
981179
1327214
917628
19533
1428153
181243
863865
1206310
612523
1287773
1448527
1206282
1485185
770125
586469
1184510
280484
210797
498522
1106563
784365
276791
517346
1280132
1300526
1347574
1002058
1203614
1202110
1053714
751198
827315
841672
1197347
917830
174321
575735
863869
658770
1024672
1238151
195750
541820
1622290
1334552
1189622
1186446
625360
447084
1494508
725655
833638
766611
1050665
643659
643659
466867
557677
1287010
1250885
1195369
716819
1176780
959401
1420168
837341
1231794
1699551
1388067
915797
1359649
1860804
1203668
1084981
1036253
687831
602304
526227
775539
671326
1158945
554283
1254394
1823348
1190030
619697
1014496
932610
917774
637746
766814
1092015
950545
1299857
682548
1580249
823592
1289121
660315
1086551
915365
623621
845695
509151
215120
1467048
1117751
1187295
962706
962706
964372
1049004
1232488
1287618
598078
1642365
1407205
1705701
291175
210971
1113786
761834
1689684
1207593
1081001
873014
1060617
1862838
1189625
202063
1683842
1089768
613715
1344572
199190
1577916
960996
468967
711374
1315319
1086249
540088
1435832
729724
1704877
628851
1681729
751998
184476
184476
607640
816316
839204
1008970
1160097
591751
1215652
1315477
1675660
702939
229711
229711
559986
212470
73409
935409
1683391
531913
1113790
685833
1273294
1337911
1336529
1393407
1375019
1186523
1186523
1186249
1292844
1292844
906084
1057486
1054166
624405
1579894
529137
1328540
692984
951953
1425182
1116034
848573
877637
1187328
822135
1580903
1580903
1289949
1469339
509174
1562035
1415372
1640210
1429137
662732
1420725
798062
1184220
845990
1227326
1338192
1115145
159397
575780
719055
660132
1435441
1791739
844544
1107280
167008
796974
872396
1439800
302241
276734
1335765
530635
471699
1526560
1217899
1395985
527549
527549
1073498
540097
1897344
644459
1532137
1531887
792645
590619
1068914
470718
244911
1975597
480790
291643
1527363
712737
1327149
1037539
1083323
994445
1610952
734637
843040
941573
1108611
1026833
498532
1610913
672721
563058
688278
709796
1382000
952303
1820080
1736524
815006
768169
872934
643724
1637435
1637435
1637435
423812
982596
1420144
307178
1137667
1173017
1113784
1131217
150565
266523
362212
886874
875133
1005751
1220633
1340634
1252132
939035
862717
1699549
1393669
749484
970563
1360352
957358
1203661
1702428
1313884
477023
848844
1525416
1650213
1231029
1605701
1684586
505959
1074967
1132960
559065
505872
823825
719377
304348
902651
1101043
1101043
352994
1126768
1692751
696679
1076174
1199272
722207
1580528
1506829
292313
1169596
1227878
1478295
933845
1104053
1526543
1699296
807013
502481
1298186
480753
570760
743471
934843
807729
463871
1797874
1125882
896065
866650
730546
730546
1329537
675040
1118454
582414
807930
1693359
600524
865812
748382
789579
768698
1471333
1076698
26547
201704
1343750
1327975
1227404
841150
1341388
647505
372992
671592
914132
520238
1533554
1238739
532700
824655
1036401
306128
1288383
115591
398992
1105912
607130
422956
1601917
1601917
46268
46268
1174630
211839
1082913
654908
729506
1113769
1290869
562892
1288450
1116947
1116947
467479
1239535
1239535
733486
1422586
1597668
1420268
629805
278343
1206308
1206308
621182
716860
215415
1821376
662956
1006080
874605
1494913
411851
894804
922622
231801
93447
1011117
789571
1204282
720737
230134
1225995
628201
609516
1125720
1705134
1559570
1394402
400256
213798
675088
401095
620618
324578
1192166
1244640
1419969
1128945
1585687
1343749
895362
862538
583601
1428401
1428401
1123947
1414130
643690
749488
1433230
181276
1481578
1190867
1178453
1076328
921253
1260020
923174
621849
1047532
923169
1668671
1390011
1121314
1798703
1229118
1945503
253991
1315475
1683833
770268
924844
215384
806970
301465
700683
776159
768266
1355258
1104042
1793690
614006
534684
1200016
955974
1074758
1074758
1359970
860752
1227324
890363
361717
968935
623713
1421621
643624
1187285
172284
1430830
817098
1529374
430436
663027
439369
960999
505469
1098808
1098808
562616
1690759
789516
612144
1186512
1186512
1386551
230916
1222142
1222142
933635
1281464
956683
933747
584825
584825
439695
611489
877456
1288109
314389
507303
1133144
928455
538114
198265
730552
886155
435513
172615
629924
629924
1390003
1390003
961988
773991
1077898
601346
186087
496356
1410396
361105
664506
416104
775614
816369
1185779
1055136
1507697
1034808
303339
1179369
505281
1463325
1125735
847766
1221526
307753
738064
1712326
1014842
571711
1229102
1214381
1122563
1122563
873573
1123266
363318
179028
1285838
789566
748456
315295
39103
1315280
502421
662366
297209
78505
1682653
280287
865152
439691
1184675
962002
185326
1302810
780485
1573605
1010268
1607011
1387767
1013040
791416
817097
1184473
46898
256599
1338966
532220
1284492
1039219
1598170
491827
1353551
1184673
1130583
688300
1085674
1130774
1184028
1368061
1787418
866108
1692036
1086842
560165
540963
867414
671865
207642
848034
954092
1131349
1407468
724531
858198
556972
1002617
1174337
1203620
160368
1022849
1117779
1117779
190424
171084
551805
843099
965734
1115525
1184470
746406
765563
553798
304345
77690
119521
963942
729738
1437876
1239597
820024
864266
1443841
1452501
1452501
564724
564724
1184485
1643770
1587861
1445152
922892
1136096
1020026
1798718
1185783
921919
602211
1797601
1820601
410836
1178602
1574189
490413
1132818
919435
385437
1059657
892816
553476
448540
167247
848102
1020552
641121
865131
1599319
139711
174325
720464
1340952
682554
833516
618707
470624
24143
778775
1096701
652145
1281452
1436260
671327
1782318
1477517
1258316
873015
523731
511397
1346113
1125997
915111
982272
1441786
1197533
1197533
1203652
275034
1227012
696932
37868
1307663
1307961
865184
962041
365672
593116
1425209
416850
1123524
1160076
540975
1127585
310785
1340632
1330846
245300
1081081
1187261
1199868
1050160
812982
988749
1562715
1107257
1385894
1636513
1107735
1699536
1366936
308517
1254762
1561233
188555
886020
276729
557325
745912
1423616
1288146
1344254
906938
816223
817096
187427
1613300
1201266
759580
156013
1132814
918332
887969
209786
444000
109621
866687
653982
521154
1970835
644014
619824
1798686
668793
956682
459273
1280596
1355509
1420818
1578415
1719147
1814264
1107251
1135782
751066
664518
1782159
643717
1026135
848289
664444
408943
1214556
749661
1675986
1675986
1338740
1135408
1135408
1250485
969259
952779
1220584
1025603
1134508
1111392
1111392
873241
1529865
1529865
1041477
1429141
982361
966021
609841
962008
872970
1197626
1197626
640669
848361
1125972
568575
1117871
1098780
1685265
1165477
1140273
1393426
1270388
1249626
211837
742398
1821707
589126
693541
1572367
1338991
1694657
1367703
1055829
1220549
866516
1124424
1394951
1184468
303609
822129
466132
724371
1825945
689991
865047
955271
1796908
170323
1096389
1398392
932160
1194031
1195277
604088
1409928
511985
1113736
1286791
170218
877647
1096695
877567
212714
131408
1559318
277771
789601
434325
1431456
1967934
1704818
868344
997558
1203512
324305
198444
798655
1804119
465750
889536
1430833
1637804
1637804
662353
1845359
1421810
1311296
882341
821400
789593
1448115
1072864
1443861
279456
881519
1286183
1204275
1189606
1390004
1005800
169225
169225
182962
493164
865718
1132836
1132836
742405
1576485
872963
1705086
193210
1469210
789542
1118483
181624
1308349
1037129
306641
1575429
541830
911499
183747
369761
1115149
789508
1695181
170400
262531
1230517
193171
914400
563230
1020785
1187284
1725234
607856
1310131
1310131
23943
1528839
1187283
523217
306168
1304339
1152435
1054138
524437
979540
978170
1235094
1575564
1127480
940442
1113728
1113728
1390036
1587716
1520401
1520401
115025
648393
1113727
935550
683402
1013277
748529
1067763
1426418
877442
760712
793907
1436258
1448407
513492
732282
828710
1130766
1701638
1289611
1023887
1119168
729769
1524716
780820
1292833
1292833
1676985
1403351
816414
789514
1086653
407121
663026
789555
629065
1109489
643230
1188898
949460
585355
792702
1680964
886792
1421003
1338978
748520
1089611
865118
1364023
1364023
1077230
807728
1123529
894805
1448041
1439121
838174
982651
1120224
1424875
419664
979407
603669
520979
310763
1436270
660625
619700
359334
1272440
823658
1107910
841384
1207992
637749
543021
951773
1382375
1666977
1170741
592210
1211437
258269
687681
161937
845985
258226
1509069
664500
546252
1436937
1562448
1081056
846033
209405
874025
688273
1068920
1061249
1402324
759567
857434
307317
196311
1096324
422149
1460591
664970
448897
127653
1367615
202643
1118192
421768
865934
865934
917802
848266
1107286
1027472
524657
1329813
1298717
1587849
1195213
903593
1096635
1313049
1904714
795404
214797
1430849
1125870
1798779
161632
1242183
295067
1311680
1286941
1447053
290409
290409
1417094
763952
1396047
517668
352847
807925
1189618
1123945
1206275
433956
816509
619507
1320887
789575
1098785
961310
1799270
1089740
872933
1258092
955406
840935
1430951
1137670
774237
873832
887703
1341387
1692886
169718
693678
693678
351999
1577837
620027
1815149
1173787
940605
1096398
873566
1431301
1391753
1109171
1735453
789596
1400227
889535
41618
288320
1205410
1506480
1168311
533403
759569
340020
1123533
852168
734654
1157236
1047676
496042
1200657
1799269
666857
526710
1417079
1214036
1111980
465960
1183360
1235623
1174708
1785676
1681812
1319774
1134467
988074
924610
845991
1524063
1137272
80295
614956
1053987
1458250
98254
724306
1194294
1393812
1845347
1296769
1213651
789639
1411552
1118199
1642820
1420369
842776
1331082
886075
1187146
1187146
1125865
1318713
708872
1020775
1325368
198674
1421813
1086713
719581
1287871
752558
1249531
172489
1617123
1633613
961990
1288112
1288112
1184745
1067168
867225
1232172
1172814
1553363
873559
982301
1138592
1118823
1053679
532766
517346
1524069
1053679
1051097
1455818